version https://git-lfs.github.com/spec/v1
oid sha256:0eb9e79a0b88b28f6a2dcbb5572626ca7d2b048b7a8ebdb968856954e5f6be31
size 1158263
